Data/2023-03-09_DTM_100cm_raster.asc
NCOLS 150 
NROWS 30 
XLLCORNER -135 
YLLCORNER -15 
CELLSIZE 1 
NODATA_value -9999 
[rows 0 to 29 of 30, columns 0 to 67 of 150]
63.802199999999999 63.6188 63.4735 63.4663 63.615 63.8125 63.7868 63.7562 63.773 63.8737 63.8703 63.859 63.921 64.0685 63.9765 62.9417 62.9408 63.658 63.6512 63.9945 63.9523 63.9757 63.8675 63.8657 63.92 63.9063 63.8923 63.8973 63.8963 63.893 63.8573 63.7588 63.8428 63.8978 63.9215 63.9175 63.9345 63.954 63.9585 63.9762 64.0027 64.0062 64.024 64.1032 64.0975 64.0995 64.1308 64.1478 64.152 64.1557 64.2217 64.265 64.3047 64.3353 64.38 64.4467 64.523 64.5115 64.5655 64.5693 64.6543 64.6947 64.7852 64.8508 64.9092 64.995 65.0173 65.053
63.621 63.5257 63.4705 63.5 63.7005 63.8625 63.8613 63.8353 63.832 63.8475 63.8745 63.8713 63.9258 64.0575 64.1423 63.465 62.9417 66.9408 63.645 63.9248 64.0082 63.999 63.872 63.812 63.907 63.8555 63.8867 63.857 63.8455 63.8893 63.861 63.8155 63.8063 63.7743 63.77 63.75 63.762 63.8385 63.7745 63.7982 63.8083 63.7935 63.8963 63.8727 63.8875 63.897 63.8715 63.8565 63.8872 63.9232 63.9378 63.995 64.121 64.0863 64.122 64.2245 64.296 64.354 64.41 64.456 64.5052 64.5305 64.5997 64.645 64.7235 64.803 64.9115 65.008
63.5592 63.5213 63.5272 63.6382 63.8375 63.887 63.8705 63.8602 63.8575 63.8797 63.8968 63.918 63.9588 64.0352 64.1862 63.7383 62.945 63.4543 63.4403 63.7752 63.7972 63.7235 63.7135 63.6437 63.6917 63.702 63.6475 63.6423 63.6603 63.649 63.6403 63.5988 63.596 63.5482 63.5638 63.5558 63.5765 63.6145 63.6973 63.653 63.6515 63.6932 63.769 63.7805 63.7665 63.7725 63.7837 63.7868 63.7665 63.8372 63.897 63.967 63.9658 64.0427 64.115 64.213 64.288 64.3425 64.409 64.453 64.506 64.53 64.6135 64.6705 64.754 64.8317 64.9327 65.0275
63.5667 63.5658 63.6683 63.8672 63.898 63.9217 63.9075 63.8872 63.8573 63.897 63.9202 63.9478 63.9868 64.0458 64.1462 63.9782 62.9487 63.3447 63.3317 63.6567 63.6715 63.6328 63.6155 63.5965 63.597 63.624 63.6305 63.5865 63.617 63.5877 63.5957 63.542 63.5522 63.5075 63.508 63.548 63.584 63.6097 63.7228 63.7035 63.7113 63.7378 63.7627 63.8473 63.8517 63.836 63.88 63.84 63.8755 63.9238 63.9965 64.054 64.1263 64.181 64.2353 64.364 64.4317 64.4877 64.5825 64.6277 64.662 64.7115 64.7813 64.888 64.9795 65.0687 65.1375 65.1462
63.565 63.617 63.7835 63.8973 63.9227 63.9707 63.9442 63.9268 63.913 63.9383 63.9728 63.9695 63.975 64.058 64.0807 64.1845 62.946 62.9533 63.2455 63.641 63.7325 63.6953 63.679 63.6043 63.6007 63.6475 63.6493 63.65 63.63 63.747 63.7993 63.9458 63.658 63.7175 63.7438 63.7575 63.7975 63.9292 64.0983 64.0997 64.0293 63.986 63.9383 63.9378 63.9728 63.9963 64.0452 64.0492 64.0628 64.143 64.186 64.2353 64.238 64.2855 64.352 64.4475 64.516 64.589 64.6745 64.6837 64.6862 64.7383 64.8412 64.9405 65.027 65.0943 65.1277 65.149
63.632 63.8435 63.9255 63.937 63.9388 63.9743 63.9575 63.9263 63.9422 63.9618 63.9885 63.9967 63.9487 63.926 63.9048 63.9178 62.9523 63.5672 63.2135 63.6123 63.932 63.945 63.897 63.8905 63.7685 63.741 63.7938 63.756 63.723 63.7315 63.7887 63.8592 63.8745 63.875 63.8768 63.872 63.8708 63.9027 64.02 64.0505 64.0335 64.0443 64.0475 64.0427 64.0462 64.0983 64.1022 64.112 64.126 64.1868 64.2055 64.2885 64.3285 64.3995 64.4645 64.5222 64.5768 64.6263 64.6708 64.688 64.7105 64.7692 64.862 64.9325 65.001 65.1158 65.1185 65.1455
63.8438 63.912 63.9837 63.968 63.9673 63.9775 64.0048 63.9673 63.9448 63.9347 63.9238 63.8148 63.7565 63.72 63.742 63.7445 62.9557 62.9548 63.1455 63.4745 64.0052 64.075 64.007 63.996 63.9625 63.8942 63.8327 63.763 63.7393 63.7523 63.8742 63.9777 63.9787 63.9702 63.9557 63.9135 63.887 63.911 64.0143 64.036 64.0372 64.062 64.0673 64.0293 64.0687 64.13 64.1908 64.1572 64.1582 64.1872 64.1917 64.1872 64.2402 64.246 64.259 64.3053 64.341 64.3652 64.4435 64.4715 64.5575 64.6172 64.688 64.7325 64.788 64.828 64.8848 64.964
64.0068 64.0433 64.0378 64.0362 64.0222 63.99 63.996 63.9632 63.7438 63.644 63.6048 63.6242 63.6625 63.6878 63.728 63.7465 63.423 62.9557 63.2325 63.1987 63.728 64 63.9868 63.9297 63.9475 63.9035 63.9162 63.9103 63.9378 63.9357 63.9395 63.9533 63.986 63.9315 63.9253 63.9173 63.902 63.9248 63.9253 63.9375 63.9442 63.884 63.868 63.8402 63.876 63.8965 63.8647 63.8675 63.9582 63.9445 63.9065 63.968 64.0035 64.0723 64.076 64.1058 64.1785 64.2333 64.32 64.3262 64.412 64.4975 64.5882 64.619 64.6357 64.676 64.7117 64.8073
64.0602 64.0525 64.0655 64.084 63.9855 63.9512 63.6797 63.6387 63.5795 63.5757 63.4972 63.5578 63.683 63.767 63.8927 63.889 63.7365 62.9992 62.9945 63.1538 63.2612 63.7955 63.8522 63.8625 63.816 63.7777 63.7542 63.719 63.7492 63.7583 63.7868 63.8155 63.843 63.787 63.7715 63.746 63.7248 63.7255 63.7125 63.7132 63.7755 63.8047 63.78 63.808 63.7952 63.8008 63.8185 63.8428 63.8995 63.897 63.911 63.969 64.0127 64.0405 64.083 64.143 64.1875 64.253 64.3213 64.337 64.4375 64.515 64.6125 64.6373 64.643 64.684 64.7432 64.814
64.1547 64.1202 64.0675 64.0105 63.8805 63.7798 63.6242 63.616 63.7158 63.724 63.5957 63.5938 63.721 63.8838 63.9977 64.003 64.048 63.5057 63.0238 63.1457 63.1445 63.4997 63.779 63.764 63.733 63.695 63.6912 63.6932 63.6813 63.7345 63.707 63.7313 63.737 63.723 63.7072 63.7228 63.6808 63.7145 63.7267 63.7275 63.7635 63.7757 63.7757 63.8073 63.8055 63.803 63.8283 63.855 63.9893 63.9972 64.006 64.0612 64.1685 64.2542 64.2887 64.374 64.4128 64.446 64.4747 64.5492 64.6338 64.7448 64.8173 64.818 64.8535 64.9055 64.9792 65.047
64.112 64.0283 63.9478 63.8485 63.759 63.7142 63.6768 63.7207 64.0368 64.302 64.0437 63.767 63.7655 63.962 64.1205 64.1338 64.1507 63.745 63.1618 63.1515 63.1147 63.175 63.8052 63.7675 63.7653 63.719 63.6937 63.7183 63.7055 63.6978 63.7525 63.7648 63.784 63.792 63.8495 63.8138 63.803 63.823 63.8633 63.8645 63.8973 63.9145 64.0195 64.0667 64.1093 64.1308 64.1768 64.1905 64.229 64.2237 64.2548 64.2753 64.3098 64.3665 64.4355 64.497 64.5245 64.5922 64.6705 64.8145 64.9587 65.037 65.0397 65.0088 65.0285 65.0843 65.14 65.191
63.8582 63.773 63.7795 63.745 63.7425 63.744 63.7615 63.867 63.7873 63.638 63.6478 63.7183 63.8633 63.9895 64.16 64.1665 64.113 64.016 63.4852 63.1483 63.154 63.1232 63.5522 63.8815 63.8932 63.9162 63.9118 63.9125 63.961 63.9622 63.956 63.9635 63.9557 63.9372 63.9997 64.0125 64.0247 64.037 64.0492 64.073 64.077 64.063 64.1012 64.1527 64.2122 64.2325 64.2097 64.1855 64.1975 64.2432 64.294 64.3285 64.3303 64.37 64.4515 64.5055 64.5498 64.6675 64.7132 64.7875 65.0098 65.034 65.0478 65.0557 65.094 65.1612 65.2373 65.2405
63.7533 63.7595 63.775 63.7897 63.7967 63.8128 63.9038 63.985 63.8517 63.8833 63.7393 63.8645 63.9463 64.0068 64.1338 64.0865 64.0515 64.0587 63.802 63.0925 62.9977 63.216 63.2865 63.852 63.8865 63.9183 63.9837 64.0417 64.0188 63.9475 64.0228 63.9505 63.9385 63.926 63.9545 64.0435 64.083 64.0655 64.0803 64.072 64.0778 64.0165 64.0338 64.0963 64.1665 64.148 64.2002 64.1882 64.2038 64.235 64.2725 64.3217 64.3645 64.3812 64.4535 64.483 64.5153 64.6233 64.6895 64.7887 64.9273 64.9948 65.0107 64.9522 65.016 65.0805 65.1342 65.166
63.7605 63.8265 63.8633 63.8825 63.869 63.9123 63.9782 64.0417 64.026 64.0255 64.03 63.9435 63.9435 63.956 64.0015 64.0358 63.966 63.9665 63.9865 63.6872 62.9945 63.7365 63.2525 63.5672 63.8725 63.9538 63.9865 63.9842 63.9637 63.917 63.9072 63.9072 63.9463 63.927 63.9302 63.9827 64.0085 64.024 64.0423 64.031 64.1058 64.0615 64.0348 64.044 64.0328 64.1103 64.13 64.209 64.235 64.1982 64.231 64.1795 64.2122 64.2538 64.2525 64.272 64.306 64.4242 64.5125 64.5092 64.5857 64.6595 64.6582 64.6768 64.6765 64.713 64.808 64.813
64.038 63.992 64.001 63.98 63.9565 63.9695 64.033 64.0833 64.086 64.1038 64.0485 63.9565 63.9067 63.914 63.9627 63.9955 63.946 63.9325 63.9282 64.0052 63.2637 63.0535 63.249 63.4635 63.7345 63.8848 63.8237 63.796 63.8052 63.8088 63.8068 63.7743 63.7552 63.7298 63.735 63.7578 63.7685 63.8195 63.8172 63.8198 63.862 63.8275 63.7957 63.7805 63.7855 63.834 63.8797 63.9002 63.9043 63.898 63.963 64.0368 64.0283 64.0332 64.035 64.086 64.1263 64.2028 64.2515 64.4345 64.467 64.4815 64.4682 64.5245 64.5465 64.5863 64.7145 64.7558
64.0375 64.062 64.069 64.0372 64.0182 63.9977 63.8785 63.8662 64.073 64.068 64.0725 63.9415 63.9238 63.925 63.941 63.9282 63.8857 63.8698 63.854 63.9058 63.8735 63.0148 63.1058 63.262 63.3457 63.6937 63.7547 63.7352 63.658 63.653 63.6418 63.655 63.627 63.639 63.6283 63.6442 63.6698 63.6738 63.6905 63.6963 63.709 63.731 63.7285 63.6895 63.7125 63.7453 63.7733 63.836 63.855 63.861 63.9405 64.0088 64.011 64.0423 64.0872 64.0843 64.1367 64.2063 64.2878 64.3535 64.438 64.484 64.4922 64.5447 64.572 64.6373 64.778 64.8083
64.0758 64.0843 64.0655 64.0368 64.0212 64.026 63.8805 63.8768 64.0625 64.075 64.0642 63.9832 63.9445 63.9695 63.9665 63.8865 63.8 63.7533 63.7573 63.7972 63.8377 63.1745 63.007 63.0687 63.2435 63.6027 63.7472 63.7355 63.671 63.6872 63.6398 63.6717 63.657 63.6815 63.664 63.653 63.71 63.7067 63.7188 63.7165 63.7282 63.792 63.8073 63.7955 63.8065 63.8595 63.9253 63.975 64.0127 64.045 64.1165 64.1257 64.2038 64.1827 64.233 64.2243 64.3193 64.4005 64.495 64.5307 64.5825 64.647 64.683 64.7665 64.8463 64.901 65.0202 65.065
64.0738 64.0675 64.0458 64.0393 64.0555 64.0583 64.0775 64.0748 64.1087 64.073 64.0745 64.0315 63.9335 63.9048 63.8935 63.821 63.7357 63.7373 63.7332 63.7798 63.8418 63.7598 63.074 63.0527 63.299 63.237 63.554 63.9362 63.958 63.8683 63.8568 63.8997 63.898 63.9135 63.9535 63.9435 63.9063 63.913 63.9225 63.9502 63.9818 64.023 64.089 64.0695 64.072 64.1093 64.1625 64.2305 64.278 64.3043 64.3457 64.335 64.3725 64.3855 64.3978 64.4252 64.51 64.5697 64.6383 64.6752 64.6943 64.7552 64.824 64.897 64.9498 64.9835 65.0447 65.0875
64.0498 64.0472 64.0425 64.0553 64.0947 64.0113 64.0407 64.045 64.063 64.0782 64.0362 63.9395 63.7995 63.762 63.7557 63.8375 63.7798 63.7472 63.792 63.8042 63.917 64.0242 63.7993 63.0742 63.0985 63.2383 63.187 63.658 64.11 64.0038 63.9675 63.9827 64.0143 64.0407 64.0472 63.9395 63.9987 63.987 64.017 64.0635 64.0892 64.1813 64.1943 64.1927 64.1715 64.1605 64.1745 64.2162 64.2685 64.2903 64.317 64.3398 64.3375 64.376 64.48 64.523 64.5765 64.5825 64.6468 64.6445 64.6712 64.7095 64.8215 64.9053 64.9685 65.0175 65.075 65.1117
64.0498 64.0378 64.0518 64.0865 64.0892 64.0383 64.0335 64.017 63.9455 63.927 63.8573 63.8295 63.7552 63.7255 63.7357 63.8428 63.8525 63.8507 63.9235 63.9847 64.005 64.1328 64.0413 63.4692 63.1953 63.2195 63.184 63.0552 63.9248 64.0577 64.046 63.9723 64.0608 64.101 64.1062 64.0277 64.061 63.9917 64.0242 64.117 64.125 64.1435 64.2535 64.1925 64.2262 64.224 64.2155 64.2353 64.2747 64.292 64.3375 64.3447 64.3467 64.3733 64.4583 64.46 64.4715 64.521 64.6048 64.6245 64.6257 64.7168 64.815 64.8867 64.9548 64.9818 65.026 65.0977
64.054 64.0843 64.0853 64.1028 64.0735 64.0618 64.032 63.8625 63.7905 63.7915 63.845 63.7897 63.7783 63.7557 63.8172 63.9272 64.02 63.984 63.9772 63.9938 64.0953 64.192 64.2093 63.8597 63.384 63.217 63.354 63.0445 63.1082 64.1052 64.042 64.0378 64.0185 64.0027 64.046 64.019 63.9982 64.0247 64.0307 64.0468 64.0557 64.144 64.1602 64.2695 64.0835 64.093 64.128 64.189 64.1852 64.1937 64.2695 64.3043 64.3235 64.3568 64.3037 64.323 64.2917 64.292 64.343 64.397 64.4173 64.512 64.596 64.656 64.6837 64.7367 64.792 64.9515
64.0325 64.103 64.0837 64.0175 63.9453 63.89 63.8725 63.8262 63.7817 63.7832 63.8278 63.8182 63.9282 63.9265 63.9733 64.0328 64.052 64.0345 64.0078 64.0225 64.0598 64.1575 64.1667 64.1543 63.9445 63.371 63.3148 64.0645 63.2122 63.797 63.936 63.927 63.8945 63.8893 63.899 63.9492 63.916 63.8392 63.8925 63.9215 63.9555 63.861 63.8755 64.1492 64.0932 64.0115 63.928 63.9268 63.9372 64.1025 64.0707 63.9967 64.1407 64.1065 64.1038 64.2535 64.166 64.153 64.1985 64.2442 64.3002 64.3652 64.4672 64.5325 64.536 64.5635 64.6233 64.8497
64.0098 63.9673 63.8773 63.8543 63.8652 63.8573 63.8435 63.8558 63.8192 63.8765 64.0117 64.0745 64.0993 64.0745 64.024 64.0587 64.0608 64.052 64.033 64.0512 64.0583 64.1273 64.1472 64.1205 64.1235 63.958 63.0965 63.5785 63.4535 63.5433 63.9142 63.8995 63.8455 63.841 63.851 63.9027 63.9325 63.8865 64.0427 64.1355 63.9845 63.9878 63.968 64.0092 64.2872 64.1038 63.9442 63.958 63.9425 64.0845 64.0543 64.0005 64.0427 64.0847 64.1015 64.1913 64.1693 64.167 64.213 64.249 64.3595 64.3997 64.5023 64.5547 64.5555 64.577 64.6245 64.8938
63.879 63.8255 63.816 63.8288 63.823 63.8545 63.8527 63.8997 63.9545 64.0498 64.0993 64.1565 64.176 64.13 64.1395 64.08 64.0703 64.0768 64.1192 64.0612 64.0573 64.087 64.1168 64.154 64.1858 64.094 63.342 63.195 63.4675 63.56 63.8288 64.08 64.1062 64.1233 64.1288 64.08 64.0565 64.0525 64.0863 64.1155 64.125 64.1957 64.1732 64.1578 64.1975 64.186 64.127 64.271 64.2155 64.2138 64.2172 64.1988 64.2438 64.274 64.356 64.3633 64.3753 64.3818 64.4212 64.5075 64.5758 64.6312 64.686 64.7425 64.8197 64.8715 64.9323 65.0195
63.824 63.8068 63.7955 63.822 63.8455 63.9355 64.0523 64.0855 64.0673 64.071 64.103 64.1535 64.1775 64.1588 64.1725 64.2077 64.1158 64.0965 64.12 64.1012 64.1125 64.0833 64.1083 64.1975 64.2325 64.264 63.9595 63.2113 63.2142 65.8938 63.8558 64.0273 64.2548 64.17 64.1393 64.1042 64.1417 64.183 64.1777 64.2063 64.26 64.3165 64.3307 64.291 64.3008 64.284 64.2803 64.3538 64.3343 64.3098 64.3203 64.3365 64.382 64.3733 64.481 64.5232 64.527 64.5475 64.5905 64.6255 64.737 64.7865 64.8483 64.8895 64.9737 65.027 65.0885 65.1
63.8228 63.8155 63.879 63.966 64.0182 64.1127 64.12 64.0853 64.079 64.0683 64.0855 64.133 64.1845 64.1742 64.1825 64.1988 64.1868 64.14 64.153 64.17 64.1768 64.1318 64.1298 64.1375 64.1107 64.1257 64.0723 63.9092 63.3052 63.2515 63.6522 63.6312 64.176 64.2412 64.1568 64.1432 64.1365 64.1643 64.1827 64.2253 64.2623 64.2937 64.2728 64.262 64.272 64.3538 64.3135 64.323 64.3418 64.3282 64.3425 64.4088 64.4275 64.4695 64.4765 64.5062 64.5283 64.5845 64.6123 64.6517 64.687 64.7165 64.8292 64.8955 64.962 65.0462 65.021 65.0557
63.942 64.0795 64.0827 64.1283 64.1152 64.0437 64.0508 64.116 64.0912 64.0827 64.1058 64.0642 64.1243 64.197 64.2357 64.1685 64.172 64.1628 64.2057 64.1742 64.1345 64.1243 64.0512 64.033 64.0417 64.0368 64.0823 64.0415 63.3275 63.2485 63.3778 63.3275 64.049 64.1982 64.1152 64.092 64.075 64.0738 64.0892 64.0847 64.0938 64.122 64.0965 64.1018 64.1797 64.2197 64.2373 64.2657 64.2 64.3015 64.2905 64.2527 64.2995 64.3112 64.3548 64.295 64.52 64.5338 64.533 64.5748 64.5938 64.6438 64.748 64.8252 64.8705 64.9063 64.8962 64.9163
64.187 64.1858 64.183 64.1545 64.1425 64.0735 64.103 64.179 64.1202 64.1338 64.147 64.1403 64.1247 64.403 64.3475 64.2765 64.2308 64.1868 64.1633 64.1143 64.025 63.9365 63.9173 63.9145 63.967 63.9678 63.9948 64.0557 63.762 63.5052 63.5218 63.5327 63.9922 64.095 63.9663 63.9738 63.9468 63.9272 63.918 63.9575 63.962 63.9615 63.9357 63.9453 64.013 64.1425 64.1725 64.218 64.195 64.2572 64.2637 64.162 64.1377 64.1162 64.1233 64.1425 64.2337 64.2568 64.2075 64.416 64.487 64.5265 64.5358 64.6117 64.6035 64.6675 64.6937 64.716
64.2787 64.231 64.1665 64.1295 64.1543 64.2107 64.1872 64.1833 64.184 64.2018 64.1858 64.164 64.169 64.2275 64.2637 64.2432 64.1765 64.076 63.9272 63.8662 63.8392 63.8153 63.81 63.842 63.9072 63.9528 63.9823 64.062 63.6442 63.2945 63.822 63.6592 64.015 64.0745 63.949 63.936 63.9268 63.9323 63.9002 63.9458 64.0537 63.9705 63.9342 63.943 64.0295 64.1742 64.1755 64.0867 64.0332 64.0815 64.0523 64.0855 64.094 64.0932 64.1022 64.105 64.1783 64.223 64.1875 64.4235 64.4165 64.451 64.4808 64.513 64.5732 64.6237 64.6435 64.676
64.3018 64.216 64.1923 64.136 64.2175 64.2237 64.215 64.216 64.203 64.21 64.1845 64.1633 64.157 64.2178 64.102 63.977 63.915 63.827 63.8128 63.8068 63.8112 63.8143 63.8035 63.8465 63.945 64.023 64.086 64.1185 63.4857 63.5115 63.7015 63.6838 64.0663 64.0827 64.0235 64.007 64.0218 64.0123 64.0648 64.0772 64.1352 64.1373 64.1255 64.1312 64.1985 64.2665 64.2182 64.1715 64.1643 64.176 64.1742 64.1823 64.2335 64.1835 64.1875 64.2135 64.2755 64.2773 64.3225 64.4595 64.5145 64.5178 64.5285 64.6223 64.6618 64.7233 64.7517 64.7678
