Data/2023-03-09_DTM_100cm_raster.asc
NCOLS 150 
NROWS 30 
XLLCORNER -135 
YLLCORNER -15 
CELLSIZE 1 
NODATA_value -9999 
[rows 0 to 29 of 30, columns 68 to 135 of 150]
65.1055 65.1835 65.2487 65.2253 65.2927 65.3278 65.3278 65.3932 65.4303 65.4122 65.5452 65.6038 65.6188 65.589 65.707 65.7473 65.8148 65.8542 65.9753 66.06 66.1148 66.1503 66.1663 66.2735 66.2565 66.2565 66.2735 66.2623 66.229 66.2925 66.3767 66.3475 66.3645 66.4175 66.4053 66.4013 66.4473 66.5527 66.604 66.646 66.6998 66.7507 66.7848 66.7832 66.8555 66.8463 66.853 66.8788 66.878 66.9187 66.901 66.9545 67.013 66.9928 66.9857 67.0567 67.0645 67.076 67.131 67.248 67.3112 67.3842 67.372 67.403 67.443 67.454 67.5315 67.6145
65.0257 65.0772 65.07 65.048 65.1005 65.096 65.1328 65.154 65.2185 65.257 65.2585 65.3173 65.3438 65.4068 65.4465 65.5212 65.5945 65.6275 65.7152 65.8535 65.9063 65.9615 66.0765 66.1438 66.176 66.2205 66.2678 66.2835 66.313 66.3152 66.3363 66.3365 66.3935 66.4248 66.4275 66.4235 66.4447 66.5192 66.579 66.5993 66.6875 66.7535 66.7763 66.8272 66.9212 66.908 66.9242 66.9553 66.9648 66.9358 66.9455 67.052 67.033 67.0335 67.1373 67.2527 67.233 67.2475 67.2765 67.3197 67.3345 67.3982 67.3855 67.3958 67.4065 67.406 67.4567 67.5257
65.0863 65.1162 65.1062 65.0915 65.1145 65.1117 65.1387 65.1728 65.2295 65.2555 65.246 65.294 65.3388 65.3907 65.4392 65.5115 65.5855 65.6223 65.6875 65.764 65.8223 65.8633 65.9023 65.9015 65.9232 65.9557 66.0228 66.0947 66.0957 66.0768 66.106 66.199 66.2438 66.3258 66.3672 66.469 66.5062 66.5235 66.5665 66.587 66.638 66.6775 66.7393 66.7875 66.864 66.9037 66.9165 66.954 66.967 66.967 67.001 67.0455 67.0055 67.013 67.1253 67.2235 67.2975 67.2558 67.2268 67.2825 67.354 67.477 67.4625 67.4555 67.4047 67.4112 67.525 67.5555
65.2268 65.2732 65.338 65.3542 65.3712 65.4115 65.4007 65.4075 65.4372 65.4258 65.434 65.464 65.5062 65.5458 65.5963 65.6452 65.7425 65.772 65.8288 65.844 65.8842 65.904 65.9248 65.9163 65.9135 65.965 66.0065 66.0505 66.0277 66.0163 66.0283 66.1022 66.171 66.1575 66.1933 66.2395 66.2637 66.312 66.3607 66.389 66.4335 66.5117 66.5918 66.633 66.7053 66.8135 66.8962 66.9645 67.0055 67.0547 67.0762 67.0263 67.0095 67.0263 67.1273 67.2162 67.2708 67.2635 67.2458 67.273 67.3303 67.36 67.3962 67.4092 67.4477 67.5135 67.6048 67.645
65.2073 65.263 65.3355 65.3665 65.376 65.3907 65.387 65.413 65.4583 65.4587 65.4603 65.4697 65.5095 65.5732 65.6012 65.678 65.7142 65.7325 65.777 65.8102 65.8617 65.9335 65.9985 66.088 66.1133 66.13 66.1842 66.204 66.2355 66.1758 66.176 66.1913 66.2122 66.177 66.1943 66.2367 66.2513 66.277 66.2937 66.3148 66.36 66.4057 66.4672 66.5085 66.5537 66.6267 66.6687 66.7428 66.836 66.9697 66.99 66.9455 66.9498 67.0557 67.1175 67.1575 67.202 67.239 67.2627 67.277 67.335 67.3662 67.3798 67.378 67.4385 67.555 67.5663 67.5847
65.2048 65.29 65.4055 65.4388 65.4125 65.4277 65.4455 65.4782 65.5417 65.4952 65.4928 65.5228 65.5573 65.5865 65.6152 65.666 65.701 65.7005 65.7592 65.7968 65.8392 65.8932 65.9417 66.0025 66.0768 66.123 66.136 66.1835 66.2093 66.241 66.2915 66.287 66.2855 66.3215 66.3615 66.3938 66.4485 66.4563 66.426 66.4498 66.4635 66.4847 66.5543 66.5587 66.566 66.629 66.6553 66.6525 66.66 66.7943 66.7572 66.7565 66.7828 66.828 66.904 66.9595 66.9747 67.0098 67.0642 67.149 67.194 67.285 67.3535 67.3857 67.4425 67.4865 67.5033 67.528
65.0888 65.202 65.2455 65.3197 65.3942 65.4553 65.413 65.4202 65.475 65.4928 65.5387 65.549 65.5622 65.562 65.598 65.6283 65.6413 65.666 65.7327 65.799 65.8385 65.8857 65.9453 65.9948 66.0768 66.1237 66.1263 66.181 66.2097 66.2452 66.294 66.2868 66.2842 66.3227 66.3493 66.389 66.453 66.4492 66.4548 66.4853 66.5313 66.5665 66.5843 66.6657 66.7237 66.7527 66.749 66.7042 66.7285 66.8235 66.757 66.761 66.7692 66.8187 66.8783 66.8727 66.8845 66.902 66.9518 66.955 66.9688 67.0195 67.1158 67.2643 67.3835 67.4193 67.458 67.499
64.8992 64.985 65.0433 65.072 65.1442 65.1495 65.1523 65.1787 65.1963 65.209 65.2542 65.3282 65.3568 65.3583 65.4015 65.4652 65.5447 65.593 65.6955 65.8245 65.8577 65.8825 65.901 65.9628 66.079 66.1683 66.2057 66.236 66.2535 66.2635 66.2933 66.309 66.3518 66.3465 66.3552 66.4157 66.4652 66.4622 66.4655 66.4965 66.5527 66.5745 66.5945 66.6773 66.7203 66.7243 66.745 66.753 66.776 66.8235 66.8773 66.865 66.8745 66.9395 67.0242 67.0048 66.9952 66.9778 67.0235 66.9532 66.9762 67.0113 67.0648 67.1988 67.3115 67.3648 67.452 67.5157
64.904 64.9853 65.024 65.0598 65.0727 65.0762 65.116 65.1175 65.1237 65.155 65.1787 65.2067 65.219 65.224 65.2278 65.2732 65.3777 65.4863 65.5225 65.5545 65.5667 65.6185 65.6572 65.7305 65.835 65.8938 65.9437 66.066 66.0947 66.1628 66.209 66.2188 66.3248 66.3367 66.3633 66.407 66.4273 66.429 66.4845 66.5435 66.5762 66.6032 66.6625 66.7262 66.721 66.7262 66.7475 66.7517 66.7705 66.8163 66.88 66.9515 66.9398 66.9567 67.016 67.0293 67.0798 67.1105 67.136 67.1817 67.1935 67.1612 67.1435 67.2028 67.3205 67.3658 67.4755 67.5735
65.107 65.1732 65.1985 65.2322 65.2253 65.2158 65.216 65.2385 65.2375 65.2598 65.2535 65.24 65.247 65.2535 65.244 65.2825 65.3785 65.487 65.5222 65.5137 65.5173 65.5295 65.5652 65.6387 65.7142 65.797 65.8292 65.923 65.993 66.0523 66.1267 66.1025 66.1055 66.1395 66.1748 66.228 66.252 66.3215 66.3662 66.4895 66.524 66.5642 66.6275 66.6728 66.711 66.7025 66.7258 66.7958 66.8398 66.8422 66.9143 66.9433 66.9622 66.9887 67.0147 67.0238 67.048 67.048 67.0565 67.1087 67.1225 67.1745 67.1925 67.207 67.2728 67.3213 67.4313 67.5215
65.2327 65.257 65.3205 65.341 65.385 65.4185 65.4352 65.4358 65.428 65.4447 65.443 65.4275 65.4368 65.4565 65.483 65.5222 65.61 65.6878 65.6657 65.6852 65.643 65.639 65.6543 65.7175 65.816 65.8848 65.9222 66.029 66.0655 66.1235 66.166 66.1152 66.127 66.1423 66.159 66.1995 66.2132 66.1955 66.2592 66.3388 66.3388 66.3672 66.404 66.47 66.4908 66.498 66.5973 66.6837 66.6615 66.6693 66.737 66.7935 66.8272 66.9413 66.9922 67.0295 67.048 67.033 67.048 67.101 67.0987 67.1428 67.137 67.1355 67.1448 67.1895 67.2665 67.4075
65.27 65.2937 65.3183 65.3345 65.3802 65.406 65.4473 65.4548 65.4545 65.4577 65.4717 65.496 65.4695 65.476 65.56 65.578 65.6635 65.5673 65.5847 65.7093 65.8552 65.8587 65.876 65.9185 65.9778 66.0663 66.0898 66.1525 66.1913 66.2195 66.277 66.318 66.2945 66.2937 66.2835 66.2793 66.2905 66.2852 66.2985 66.3562 66.3515 66.3715 66.3952 66.433 66.4392 66.4688 66.5362 66.6062 66.5853 66.595 66.6283 66.6575 66.6773 66.7225 66.7282 66.7213 66.804 66.8753 66.9215 67.0338 67.1292 67.1563 67.1383 67.1393 67.1462 67.1835 67.2542 67.2962
65.1967 65.1973 65.2415 65.2738 65.2933 65.38 65.39 65.4078 65.393 65.3975 65.3583 65.35 65.3555 65.4105 65.473 65.5277 65.523 65.4652 65.4847 65.674 65.896 65.8773 65.911 65.9765 65.988 66.0013 66.02 66.0943 66.1722 66.225 66.2663 66.323 66.305 66.3357 66.3568 66.3832 66.3978 66.4445 66.4918 66.499 66.5182 66.498 66.5468 66.5458 66.5443 66.5945 66.6545 66.702 66.643 66.6497 66.6858 66.7203 66.7367 66.784 66.7435 66.7425 66.7855 66.8272 66.855 66.9635 66.9863 67.0155 67.1235 67.2138 67.2148 67.2243 67.2565 67.3002
64.831 64.9135 64.9323 64.9792 65.0525 65.0775 65.0673 65.1325 65.0833 65.1072 65.1048 65.1208 65.1355 65.1582 65.202 65.2107 65.3268 65.3548 65.385 65.4755 65.606 65.5963 65.6563 65.7462 65.7868 65.7848 65.8343 65.9303 66.0488 66.1455 66.2073 66.25 66.255 66.3047 66.3372 66.3818 66.406 66.4443 66.5088 66.5135 66.5407 66.5407 66.5825 66.6273 66.6653 66.7138 66.7643 66.7485 66.761 66.7962 66.8118 66.8175 66.8848 66.9047 66.922 66.9368 66.9995 66.958 66.9707 67.0105 66.9818 67.017 67.1205 67.1475 67.2055 67.2245 67.3067 67.5175
64.7835 64.8545 64.8463 64.8727 64.926 64.975 64.9765 65.0167 65.0143 65.0072 65.003 65.0567 65.0775 65.0792 65.115 65.1315 65.176 65.2497 65.2663 65.2945 65.361 65.453 65.5033 65.5362 65.5215 65.546 65.6235 65.7223 65.8092 65.8477 65.936 66.0372 66.098 66.1367 66.1793 66.2872 66.336 66.3538 66.4215 66.454 66.4843 66.4847 66.5393 66.5943 66.5932 66.657 66.669 66.6848 66.7432 66.793 66.777 66.7915 66.8075 66.832 66.8812 66.9303 66.989 67.0163 67.0165 67.006 67.0267 67.0648 67.0772 67.1535 67.225 67.4218 67.4425 67.304
64.913 64.978 65.005 65.0042 65.0257 65.0645 65.0577 65.1075 65.1263 65.1495 65.1637 65.2038 65.2065 65.1933 65.1975 65.2038 65.2473 65.2868 65.2917 65.3268 65.3995 65.4648 65.5325 65.5445 65.5082 65.5275 65.6162 65.6842 65.6917 65.7732 65.8317 65.8972 65.907 65.936 65.9952 66.0257 66.0255 66.0847 66.1265 66.1762 66.2755 66.3337 66.3835 66.4355 66.4945 66.519 66.554 66.6497 66.7357 66.777 66.7475 66.7527 66.7477 66.7985 66.853 66.8828 66.8997 66.9365 66.9697 66.9877 67.0425 67.051 67.082 67.158 67.345 67.4655 67.5062 66.983
65.1243 65.164 65.2103 65.226 65.2465 65.272 65.2682 65.3063 65.3245 65.322 65.3372 65.3672 65.3593 65.3828 65.3863 65.3855 65.4122 65.4782 65.5338 65.6022 65.637 65.6892 65.6953 65.7375 65.7247 65.7552 65.7765 65.7907 65.8158 65.8083 65.8745 65.9335 65.9293 65.9388 65.972 66.0147 66.007 66.003 66.0465 66.0843 66.135 66.126 66.187 66.189 66.226 66.285 66.3125 66.454 66.4585 66.5405 66.5352 66.5358 66.607 66.652 66.7025 66.7797 66.8085 66.7855 66.845 66.9352 67.0145 67.066 67.1075 67.2455 67.4072 67.4795 67.3053 66.8357
65.1377 65.141 65.216 65.2667 65.2475 65.2333 65.2872 65.3528 65.3865 65.3717 65.3737 65.3845 65.394 65.4573 65.4433 65.4337 65.4555 65.4905 65.524 65.6052 65.6233 65.674 65.693 65.731 65.733 65.736 65.828 65.846 65.914 65.87 65.9352 66.061 66.0878 66.1123 66.1263 66.179 66.225 66.2353 66.211 66.2117 66.2085 66.204 66.199 66.1973 66.2253 66.274 66.308 66.3477 66.3532 66.402 66.335 66.3363 66.4492 66.4388 66.4733 66.5075 66.5872 66.6588 66.735 66.8577 66.9822 67.022 67.1093 67.2243 67.3163 67.463 66.9455 66.783
65.1478 65.1578 65.204 65.2722 65.246 65.273 65.3265 65.3568 65.3643 65.3733 65.363 65.3932 65.4095 65.4635 65.4548 65.453 65.4782 65.4815 65.5173 65.5707 65.6123 65.6425 65.6545 65.6535 65.6673 65.7168 65.7872 65.822 65.869 65.9053 65.9727 66.012 66.0385 66.1302 66.1917 66.2245 66.2607 66.2633 66.3388 66.358 66.3855 66.415 66.4035 66.4115 66.4245 66.4128 66.5085 66.4855 66.464 66.4825 66.437 66.4258 66.482 66.4525 66.5035 66.5315 66.577 66.7065 66.7245 66.8323 66.9275 66.9955 67.1168 67.2363 67.316 67.1025 66.7685 66.7442
65.1395 65.1657 65.1758 65.2285 65.2952 65.302 65.3285 65.2735 65.2718 65.2897 65.32 65.3483 65.3865 65.445 65.4695 65.477 65.4932 65.4805 65.4853 65.566 65.6072 65.6008 65.6085 65.6243 65.6438 65.7093 65.7558 65.8245 65.868 65.9202 65.9283 65.895 65.9665 66.0462 66.1492 66.1957 66.176 66.2595 66.337 66.349 66.376 66.3945 66.398 66.4075 66.4372 66.536 66.5525 66.5458 66.5655 66.5865 66.6663 66.6395 66.665 66.7057 66.7055 66.7742 66.8388 66.727 66.7335 66.8343 66.8773 67.0033 67.0553 67.1055 67.1635 66.8307 66.688 66.7513
64.996 65.0303 64.998 65.0645 65.0967 65.1637 65.1953 65.214 65.206 65.2113 65.2233 65.2747 65.337 65.3512 65.4088 65.3932 65.3895 65.4072 65.4365 65.514 65.567 65.575 65.5965 65.6315 65.6448 65.717 65.752 65.8135 65.8665 65.9105 65.8893 65.9307 65.9563 66.0297 66.088 66.1383 66.156 66.267 66.3725 66.332 66.323 66.3615 66.34 66.3333 66.4287 66.5068 66.5065 66.51 66.5565 66.5995 66.6345 66.5742 66.5685 66.6695 66.723 66.7503 66.7445 66.7165 66.7422 66.8063 66.8635 67.0113 66.9962 67.087 66.9258 66.6432 66.6325 66.9118
64.8665 64.8528 64.8887 64.875 64.9013 64.879 64.8802 64.9255 64.9725 64.9628 64.9632 65.0003 65.0895 65.1072 65.138 65.172 65.2302 65.2155 65.247 65.3067 65.3848 65.469 65.4542 65.4825 65.5815 65.599 65.6645 65.725 65.8163 65.873 65.8723 65.9225 65.975 65.9977 66.0313 66.0752 66.148 66.2493 66.1865 66.13 66.122 66.3457 66.315 66.3262 66.4595 66.4768 66.4747 66.504 66.5437 66.551 66.4965 66.5127 66.524 66.643 66.666 66.6965 66.688 66.6998 66.7418 66.757 66.8572 67.009 67.0155 66.974 66.5238 66.495 66.6858 67.23
64.8613 64.8737 64.8865 64.8685 64.888 64.874 64.8765 64.9085 64.9262 64.9265 64.9355 64.9668 65.0358 65.0565 65.0622 65.1137 65.1195 65.1182 65.0953 65.1405 65.1933 65.2377 65.295 65.333 65.3548 65.3867 65.434 65.4488 65.591 65.6472 65.7675 65.8047 65.8175 65.8355 65.9495 65.9865 66.0595 66.1155 66.1352 66.1015 66.1145 66.137 66.1448 66.2702 66.3012 66.3733 66.4417 66.4548 66.507 66.4508 66.4013 66.4167 66.447 66.632 66.6038 66.589 66.6113 66.6775 66.6975 66.7487 66.906 66.9942 67.0677 66.7028 66.501 66.6302 67.0635 67.3818
65.0615 65.1035 65.1198 65.109 65.1133 65.0928 65.072 65.0805 65.1072 65.1482 65.142 65.152 65.1633 65.155 65.149 65.1868 65.169 65.1527 65.124 65.1527 65.2028 65.2327 65.3063 65.329 65.353 65.3538 65.3695 65.4023 65.4885 65.545 65.5673 65.6085 65.6305 65.6263 65.685 65.6935 65.7325 65.823 65.9175 66.0078 65.9952 65.9835 65.9908 65.9893 65.9815 66.047 66.1117 66.2015 66.3365 66.39 66.2903 66.251 66.2458 66.5017 66.5263 66.5525 66.6162 66.6275 66.658 66.748 66.827 66.9512 66.7572 66.517 66.5163 66.8075 67.2513 67.4802
65.1923 65.2025 65.2678 65.2917 65.2982 65.286 65.32 65.3995 65.3825 65.3903 65.3867 65.3712 65.3815 65.3852 65.4218 65.391 65.3852 65.3848 65.3913 65.3893 65.4057 65.4415 65.5182 65.5445 65.5147 65.5025 65.4948 65.4935 65.562 65.5823 65.6322 65.619 65.611 65.6265 65.6745 65.6825 65.7152 65.7998 65.932 66.0048 65.9833 65.9792 66.0345 66.0267 66.0137 66.047 66.1032 66.1868 66.2225 66.2055 66.1215 66.1245 66.1752 66.2813 66.4205 66.5465 66.611 66.6635 66.68 66.7448 66.813 66.8463 66.522 66.4887 66.5423 67.0348 67.3565 67.535
65.1292 65.176 65.2312 65.2848 65.284 65.3635 65.3365 65.2315 65.322 65.4502 65.4342 65.421 65.4222 65.4063 65.4358 65.387 65.3897 65.4222 65.454 65.462 65.4635 65.5062 65.5885 65.6622 65.647 65.6602 65.6917 65.714 65.7635 65.7848 65.8597 65.8372 65.8357 65.8443 65.8457 65.8798 65.926 65.9768 66.078 66.1675 66.1387 66.2178 66.274 66.2747 66.2773 66.2637 66.2667 66.2935 66.352 66.1995 66.1283 66.1565 66.2255 66.3152 66.4655 66.5675 66.511 66.6852 66.7527 66.7623 66.7975 66.4573 66.3773 66.4733 66.883 67.2572 67.4733 67.5565
64.9938 65.08 65.1255 65.2093 65.2745 65.3145 65.2845 65.2385 65.3083 65.439 65.4355 65.4197 65.3875 65.3995 65.4163 65.3995 65.4037 65.451 65.4625 65.4548 65.4557 65.48 65.5065 65.6175 65.6575 65.6628 65.6825 65.7115 65.7538 65.8148 65.7965 65.8455 65.896 65.9492 65.9693 66.003 66.0345 66.0242 66.056 66.084 66.1085 66.1773 66.228 66.292 66.312 66.3418 66.3948 66.4333 66.406 66.405 66.4092 66.505 66.4315 66.411 66.516 66.5318 66.5547 66.694 66.7373 66.7487 66.511 66.3 66.3258 66.705 67.0758 67.3735 67.5023 67.6008
64.7637 64.7978 64.8777 64.9617 65.0115 65.0435 65.119 65.2175 65.261 65.2855 65.2538 65.2822 65.3187 65.3538 65.384 65.4143 65.4285 65.4548 65.46 65.4908 65.4973 65.4843 65.4932 65.5295 65.621 65.6192 65.656 65.6845 65.673 65.706 65.7673 65.8132 65.8863 65.9375 65.9628 65.926 65.9505 65.9945 66.0335 66.0265 66.1025 66.1667 66.1957 66.2315 66.2465 66.2473 66.3142 66.3535 66.3848 66.4095 66.5215 66.4845 66.4445 66.4423 66.51 66.5235 66.5523 66.5723 66.5758 66.5847 66.267 66.266 66.3568 66.9567 67.2885 67.4532 67.568 67.6145
64.685 64.7132 64.7763 64.8098 64.8313 64.8755 64.9045 64.962 64.9457 64.9287 64.983 65.036 65.0563 65.0807 65.1288 65.1755 65.1965 65.2777 65.2745 65.2865 65.3045 65.3457 65.3438 65.4212 65.485 65.5397 65.5707 65.5943 65.6805 65.6868 65.697 65.741 65.8463 65.9135 65.9268 65.9047 65.9242 66.0003 66.017 66.0185 66.1065 66.1618 66.2138 66.1975 66.1637 66.1725 66.2585 66.371 66.402 66.3767 66.3828 66.4088 66.4167 66.4057 66.4668 66.5153 66.5222 66.4555 66.4613 66.3443 66.2335 66.2835 66.7645 67.1455 67.3635 67.5102 67.5912 67.6315
64.7607 64.7673 64.8562 64.8798 64.894 64.8842 64.9095 64.9262 64.9488 64.9515 64.9942 65.0257 65.034 65.044 65.0488 65.061 65.1062 65.1397 65.1295 65.1647 65.1633 65.169 65.154 65.1683 65.1908 65.217 65.256 65.329 65.407 65.462 65.5313 65.6448 65.6975 65.7728 65.7795 65.8148 65.852 65.9385 65.972 66.0557 66.0967 66.1208 66.18 66.2122 66.1695 66.174 66.2927 66.405 66.4352 66.4065 66.3493 66.3402 66.3637 66.4092 66.442 66.5042 66.4335 66.4043 66.4625 66.202 66.1963 66.5565 66.961 67.2645 67.4577 67.5673 67.6065 67.641
